BM25

1 1 1
1 0 0
1 0 0
1 1 1
1 0 0
1 0 0
1 0 0
1 0 0
1 1 1
0 0 0

1 0 0
1 1 1
1 1 1
1 1 1
1 0 1
1 0 0 
1 0 0
1 1 1
1 0 1
1 0 0

0 0 0
1 1 1
1 1 1
1 1 1
1 1 1
1 1 1
1 1 1
1 1 1
1 1 1
1 1 1

Dense

1 1 1
1 1 1
1 1 1
1 1 0
1 1 1
1 1 1
1 1 1
1 1 0
1 1 0
1 1 1

1 1 1
1 0 0
1 1 1
1 1 1
1 0 0
1 0 0
1 0 0
1 1 1
1 1 1
1 1 0

1 1 1
1 1 1
1 1 1
1 1 1
1 1 1
1 1 1
1 1 1
1 1 1
1 1 1
1 1 1

Hybrid

1 1 1
1 1 1
1 1 1
1 1 1
1 1 1
1 1 1
1 0 0
1 1 1
1 1 1
1 1 1

1 1 1
1 1 1
1 1 1
1 1 1
1 0 0
1 1 0
1 0 1
1 1 1
1 1 1
1 1 1


1 1 1
1 1 1
1 1 1
1 1 1
1 1 1
1 1 1
1 1 1
1 1 1
1 1 1
1 1 1
