9, 10, 12, 13, 17, 18, 19
BM25

1 1 1
1 1 1
1 1 0
1 1 1
1 1 1
1 1 1
1 1 0
1 1 0
1 1 1
1 1 1
1 1 0
1 1 1
1 1 1
1 1 0
1 1 0
1 1 1
1 1 0
1 1 0
1 1 0
1 1 0
0 0 0
1 1 1
1 1 0
1 1 0
1 1 1
1 1 1
1 1 0
0 0 0
1 1 1
1 1 0

dense

1 1 1
1 1 1
1 1 1
1 1 1
1 1 1
1 1 1
1 1 1
1 1 1
1 0 0
1 1 1
1 1 1
1 0 0
1 1 1
1 1 1
1 0 0
1 1 0
1 0 0
1 1 1
1 1 1
1 1 1
1 0 0
1 1 1
1 1 0
1 1 1
1 0 0
1 0 0
1 0 0
1 0 0
1 0 0
1 0 0

Hybrid

1 0 0
1 1 1
1 1 1
1 1 0
1 1 1
1 1 1
1 1 1
1 1 0
1 1 1
1 1 1
1 1 0
1 1 1
1 1 1
1 0 0
1 1 0
1 1 1
1 1 0
1 1 0
1 1 1
1 0 0
1 1 1
1 1 1
1 1 1
1 0 0
1 0 0
1 1 0
1 0 0
1 1 1
1 0 0
